0 0.71125 0.397157 0.0475 0.0551839 
0 0.88375 0.136288 0.03 0.041806 
0 0.23875 0.408027 0.0325 0.0434783 
0 0.218125 0.133779 0.04125 0.0501672 
0 0.24625 0.643813 0.0375 0.0535117 
0 0.41 0.40301 0.045 0.0602007 
0 0.53 0.38796 0.0425 0.0501672 
0 0.37 0.121237 0.04 0.048495 
0 0.595 0.666388 0.045 0.0618729 
0 0.4425 0.843646 0.035 0.041806 
0 0.768125 0.887124 0.04125 0.0551839 
0 0.115 0.29515 0.0525 0.0685619 
0 0.254375 0.879599 0.04125 0.0501672 
0 0.76875 0.647993 0.0375 0.0451505 
0 0.690625 0.121237 0.05125 0.0685619 
0 0.88125 0.374582 0.0375 0.0501672 
0 0.535 0.120401 0.0475 0.0702341 
0 0.61 0.872074 0.05 0.0618729 
0 0.43375 0.643813 0.0475 0.0602007 
