     0/299    0.847G    0.1359   0.07041         0    0.2063       174       640         0         0  0.001407 0.0002751    0.1369   0.06972         0
     1/299    0.847G    0.1343   0.07119         0    0.2055        94       640         0         0  0.003499 0.0008814    0.1346   0.07151         0
     2/299    0.847G    0.1341   0.07327         0    0.2073       133       640         0         0  0.003895 0.0008203    0.1308   0.07975         0
     3/299    0.847G    0.1308   0.08235         0    0.2131       186       640         0         0  0.006033  0.001472    0.1262   0.09208         0
     4/299    0.847G    0.1259   0.08786         0    0.2138        68       640         0         0    0.0209  0.004544      0.12    0.1057         0
     5/299    0.847G    0.1209   0.09336         0    0.2143       149       640   0.09048   0.02207   0.05061   0.01106    0.1143    0.1125         0
     6/299    0.847G    0.1188   0.09696         0    0.2158       124       640     0.121     0.213    0.0719   0.01207    0.1101    0.1116         0
     7/299    0.847G    0.1165   0.09914         0    0.2156       139       640   0.06756    0.2696   0.06018   0.01101    0.1077     0.113         0
     8/299    0.847G     0.112   0.09323         0    0.2052       126       640   0.05431    0.3348   0.06209   0.01136    0.1033    0.1175         0
     9/299    0.849G    0.1083   0.09544         0    0.2038       126       640   0.04686    0.3609   0.05272   0.01081     0.099    0.1185         0
    10/299    0.849G    0.1043   0.09776         0    0.2021       134       640    0.0529    0.4739   0.07904   0.01592   0.09509    0.1141         0
    11/299    0.849G   0.09671   0.09425         0     0.191       182       640    0.0501    0.5087    0.1137   0.02106   0.09198    0.1091         0
    12/299    0.849G   0.09641   0.09182         0    0.1882        66       640    0.0492    0.5478     0.217   0.04228   0.09679    0.1057         0
    13/299    0.849G   0.09436   0.09876         0    0.1931       216       640   0.05236    0.5913    0.2958   0.07846   0.08832    0.1077         0
    14/299    0.849G   0.09176   0.09088         0    0.1826       130       640   0.06191    0.6522    0.2787   0.06476   0.08588    0.1022         0
    15/299    0.849G   0.08975    0.0951         0    0.1849       120       640   0.06829    0.6652    0.3765   0.09653   0.08645   0.09943         0
    16/299    0.849G   0.08582   0.09629         0    0.1821       158       640   0.08219    0.6609    0.2101    0.0417   0.08573   0.09914         0
    17/299    0.849G   0.08661   0.09335         0      0.18       160       640   0.09082       0.7    0.3115   0.08741   0.07507    0.1015         0
    18/299    0.849G   0.08209   0.09689         0     0.179       185       640   0.09768    0.7261    0.4302   0.09524   0.07866   0.09916         0
    19/299    0.849G   0.08497   0.09716         0    0.1821       162       640      0.11    0.7435    0.4137   0.09905   0.08046   0.09675         0
    20/299    0.849G   0.08893   0.09886         0    0.1878       116       640   0.09464    0.7174    0.1683   0.04577   0.08665   0.09445         0
    21/299    0.849G   0.08387   0.09586         0    0.1797       160       640   0.07024    0.7783    0.1291   0.03252   0.08941   0.09502         0
    22/299    0.849G   0.08781   0.09384         0    0.1817       122       640    0.1189    0.7913    0.4254    0.1196   0.07184   0.09985         0
    23/299    0.849G   0.07946   0.09299         0    0.1724       126       640   0.08645    0.8043    0.1606   0.04698   0.08103   0.09493         0
    24/299    0.849G   0.08431   0.09593         0    0.1802       139       640    0.1372       0.8    0.2842   0.07641   0.07457   0.09734         0
    25/299    0.849G   0.07877   0.09202         0    0.1708       117       640   0.07829       0.8    0.1184    0.0307   0.09593    0.0962         0
    26/299    0.849G   0.08882   0.08187         0    0.1707       163       640    0.1249    0.8261    0.2308   0.06842   0.08104   0.09006         0
    27/299    0.849G   0.07897   0.09294         0    0.1719       196       640    0.1402    0.7957    0.2897   0.06165   0.08071   0.09493         0
    28/299    0.849G    0.0887   0.08662         0    0.1753       113       640    0.1004    0.7261    0.2414   0.05922    0.0822   0.08738         0
    29/299    0.849G   0.08793   0.08264         0    0.1706        92       640    0.1018    0.7957    0.2073   0.06253   0.07754    0.0965         0
    30/299    0.849G   0.08178   0.09153         0    0.1733       104       640   0.08756    0.8043    0.3483   0.09499   0.09015   0.09114         0
    31/299    0.849G   0.08731   0.08232         0    0.1696       109       640    0.1025    0.6478    0.2351   0.05485   0.08013   0.08485         0
    32/299    0.849G   0.08515   0.07556         0    0.1607       108       640    0.1925    0.8157    0.2062   0.05337   0.08074   0.09359         0
    33/299    0.849G   0.08437   0.07948         0    0.1639       122       640   0.08472    0.7609    0.2117    0.0674   0.07766   0.09115         0
    34/299    0.849G   0.07817   0.08053         0    0.1587       106       640    0.1488    0.8826    0.3574    0.0912   0.09633   0.07869         0
    35/299    0.849G   0.09504   0.07115         0    0.1662       114       640    0.1393     0.713    0.1672   0.04628   0.09038   0.07447         0
    36/299    0.849G   0.09262   0.07169         0    0.1643       106       640    0.1836    0.7696    0.1992   0.07762   0.09172   0.07521         0
    37/299    0.849G   0.09489   0.07201         0    0.1669       216       640    0.1713     0.787    0.3802    0.1583   0.09029   0.07116         0
    38/299    0.849G   0.09384   0.07089         0    0.1647       225       640    0.1308    0.7043    0.2867   0.06806   0.09134   0.07736         0
    39/299    0.849G   0.08553   0.07957         0    0.1651       150       640    0.1797    0.8696    0.4535    0.1389   0.07895   0.08565         0
    40/299    0.849G   0.08593   0.08134         0    0.1673       142       640    0.1071    0.7739    0.1729    0.0454   0.08685   0.08935         0
    41/299    0.849G   0.08316   0.09148         0    0.1746        91       640    0.2006       0.9    0.5101    0.1098   0.07812   0.09118         0
    42/299    0.849G   0.07592   0.09617         0    0.1721       136       640    0.1349    0.9304    0.7191    0.2227   0.06333    0.1064         0
    43/299    0.849G    0.0625   0.09179         0    0.1543       138       640    0.1392    0.9174    0.4299    0.1226   0.05865   0.09544         0
    44/299    0.849G    0.0744   0.08603         0    0.1604       114       640   0.07299    0.5652   0.08888   0.01775   0.09432    0.0897         0
    45/299    0.849G   0.09144   0.07926         0    0.1707       106       640    0.1311    0.6348    0.1756   0.03245   0.08153   0.09718         0
    46/299    0.849G   0.07463   0.09564         0    0.1703       148       640    0.1666    0.7478     0.468    0.1852   0.07018   0.09296         0
    47/299    0.849G   0.06611   0.09127         0    0.1574       108       640    0.1489    0.8957    0.5672    0.1593    0.0614   0.09666         0
    48/299    0.849G   0.06612   0.09074         0    0.1569       147       640    0.1509    0.8913    0.2526   0.06602   0.07081    0.1048         0
    49/299    0.849G    0.0742   0.09655         0    0.1707       136       640    0.1421     0.887    0.3673   0.08925   0.06574   0.09336         0
    50/299    0.849G   0.07104   0.09445         0    0.1655       220       640    0.1185    0.8174    0.4732    0.1179   0.06699   0.08966         0
    51/299    0.849G   0.06549   0.08272         0    0.1482       143       640    0.1314    0.8348     0.644    0.1872   0.06226   0.08865         0
    52/299    0.849G   0.06564   0.08137         0     0.147       142       640    0.1735    0.9174    0.2797   0.06702   0.07567    0.1015         0
    53/299    0.849G   0.08025   0.09243         0    0.1727       101       640   0.06911    0.8522    0.2296   0.06433   0.08741     0.119         0
    54/299    0.849G   0.08363    0.1159         0    0.1995       148       640     0.234    0.7957    0.5145    0.2049   0.07071    0.1231         0
    55/299    0.849G   0.06958    0.1489         0    0.2184       158       640    0.2085    0.7652    0.5981    0.1533   0.06521    0.1458         0
    56/299    0.849G   0.07161    0.1382         0    0.2098       205       640    0.1235    0.8522     0.228   0.04975   0.07413    0.1095         0
    57/299    0.849G   0.08096    0.1028         0    0.1838       188       640   0.09566    0.5609    0.1927   0.03143   0.08726    0.1048         0
    58/299    0.849G   0.08765   0.09066         0    0.1783        90       640    0.1851    0.6217    0.2736   0.06767   0.07063    0.1028         0
    59/299    0.849G   0.07275   0.09142         0    0.1642       118       640    0.1784    0.7087    0.5003    0.1343   0.06346   0.09572         0
    60/299    0.849G   0.06953   0.08836         0    0.1579       127       640    0.1784    0.7087    0.5003    0.1343   0.06346   0.09572         0
    61/299    0.849G   0.07591   0.08564         0    0.1615       178       640    0.1336       0.7    0.4566    0.1143   0.07325   0.09332         0
    62/299    0.849G    0.0825   0.08368         0    0.1662       219       640    0.1048     0.687    0.4312   0.09845   0.07886   0.09284         0
    63/299    0.849G   0.08434   0.08015         0    0.1645       131       640   0.09442    0.7174    0.4515    0.1036   0.08138   0.09309         0
    64/299    0.849G   0.08531   0.08195         0    0.1673        99       640   0.08785    0.7304    0.4499    0.1155   0.08179   0.09274         0
    65/299    0.849G   0.08224   0.08488         0    0.1671       144       640   0.09498    0.7391    0.5467    0.1532   0.07804   0.08882         0
    66/299    0.849G    0.0747   0.07955         0    0.1542       131       640    0.1072    0.7348    0.5839    0.2485   0.07285   0.08397         0
    67/299    0.849G   0.07387   0.07741         0    0.1513       169       640    0.1182    0.7304    0.5492     0.186    0.0671   0.08341         0
    68/299    0.849G   0.06672   0.08375         0    0.1505       145       640    0.1422    0.7609    0.5392    0.1472   0.06069   0.08424         0
    69/299    0.849G   0.06861   0.08237         0     0.151       135       640    0.1242    0.8478    0.5505    0.1787   0.06324   0.08561         0
    70/299    0.849G   0.06954   0.07543         0     0.145       158       640     0.154       0.9     0.649    0.2485   0.06774   0.08542         0
    71/299    0.849G    0.0675   0.07808         0    0.1456       100       640    0.1485    0.9304    0.7899    0.2996   0.06057   0.08545         0
    72/299    0.849G   0.06522   0.08446         0    0.1497       148       640    0.1431    0.9174     0.595     0.203   0.06119    0.0929         0
    73/299    0.849G   0.07004   0.08852         0    0.1586       135       640    0.1477    0.9043    0.3555   0.09101    0.0713    0.1042         0
    74/299    0.849G   0.07661    0.1028         0    0.1795       151       640    0.1206    0.6826    0.1411   0.02899   0.07231    0.1317         0
    75/299    0.849G   0.07531    0.1127         0     0.188       119       640    0.2109    0.9304    0.4871    0.1307   0.06006     0.109         0
    76/299    0.849G   0.06333    0.1224         0    0.1858       150       640   0.07847    0.8826    0.4193    0.1313   0.06469    0.1024         0
    77/299    0.849G   0.06662   0.09454         0    0.1612       182       640    0.1396    0.9435    0.7631    0.1813   0.05826    0.1006         0
    78/299    0.849G   0.06483   0.09454         0    0.1594       118       640   0.08533    0.9565      0.57    0.1548     0.063    0.1069         0
    79/299    0.849G   0.07141   0.09791         0    0.1693       153       640   0.08533    0.9565      0.57    0.1548     0.063    0.1069         0
    80/299    0.849G   0.08257    0.1019         0    0.1844       163       640   0.07156       0.9    0.3037    0.0835   0.07917     0.123         0
    81/299    0.849G   0.08436   0.09735         0    0.1817       164       640   0.07278    0.9043    0.3017   0.08195   0.08204    0.1185         0
    82/299    0.849G   0.07822   0.09272         0    0.1709       152       640   0.08724    0.9435    0.5541    0.1544   0.07633    0.1034         0
    83/299    0.849G   0.06899   0.09396         0     0.163       152       640    0.1234    0.9739    0.7083    0.2875   0.06581   0.09601         0
    84/299    0.849G   0.06051   0.09084         0    0.1514       191       640    0.1416    0.9522    0.7999    0.2888   0.05769   0.09511         0
    85/299    0.849G   0.05469   0.08662         0    0.1413       108       640    0.1593    0.9696    0.8321    0.3197   0.05134   0.09575         0
    86/299    0.849G    0.0492   0.09735         0    0.1465       142       640    0.1769    0.9739    0.8531    0.3648   0.04503   0.09271         0
    87/299    0.849G   0.04631   0.08831         0    0.1346       122       640    0.1969    0.9739     0.846    0.3983   0.04132   0.09169         0
    88/299    0.849G   0.04941   0.08646         0    0.1359        84       640    0.1833    0.9739    0.7922    0.3779   0.05018   0.09145         0
    89/299    0.849G   0.05925   0.08731         0    0.1466       167       640    0.1717    0.9696    0.6828    0.2789   0.06206   0.09495         0
    90/299    0.849G   0.06388   0.09051         0    0.1544       166       640    0.2545    0.9522    0.7064    0.2907   0.04875   0.08971         0
    91/299    0.849G   0.05518   0.09008         0    0.1453       100       640    0.1845    0.9435    0.5994    0.1739    0.0485   0.09232         0
    92/299    0.849G   0.05488   0.09165         0    0.1465       110       640    0.2263    0.9783    0.6254    0.1498   0.06089   0.09003         0
    93/299    0.849G   0.06541   0.09375         0    0.1592       100       640    0.2266     0.987    0.8888    0.3907   0.05181   0.08547         0
    94/299    0.849G    0.0568   0.09146         0    0.1483       142       640    0.1821    0.9391    0.8315    0.3382    0.0558   0.08483         0
    95/299    0.849G   0.06362   0.08889         0    0.1525       171       640    0.1821    0.9391    0.8315    0.3382    0.0558   0.08483         0
    96/299    0.849G   0.07678    0.0818         0    0.1586        69       640    0.1037    0.8174    0.6304    0.1982   0.07454    0.0869         0
    97/299    0.849G   0.08275   0.07178         0    0.1545        93       640   0.08236    0.7217    0.5534    0.1605   0.08126   0.08629         0
    98/299    0.849G    0.0811   0.07769         0    0.1588       179       640   0.08527    0.7043    0.5323    0.1657   0.07999   0.08061         0
    99/299    0.849G   0.07461   0.07395         0    0.1486       162       640    0.1065    0.7435    0.4896    0.1702   0.07164   0.07815         0
   100/299    0.849G   0.06519   0.08208         0    0.1473       106       640     0.155    0.8826    0.6427    0.2444   0.06145   0.08147         0
   101/299    0.849G   0.05447   0.09016         0    0.1446       168       640    0.2271    0.9739    0.8213    0.3589   0.04969   0.09004         0
   102/299    0.849G   0.04607   0.09251         0    0.1386       120       640    0.2945    0.9913    0.9198    0.4504   0.04161   0.09173         0
   103/299    0.849G   0.04497   0.09347         0    0.1384       152       640    0.2887    0.9913    0.9391    0.4645   0.03965   0.08763         0
   104/299    0.849G   0.04551   0.08737         0    0.1329       152       640    0.3012    0.9783    0.9008    0.4155   0.04031   0.08727         0
   105/299    0.849G    0.0468   0.08268         0    0.1295        89       640    0.3394     0.987    0.9196    0.5044   0.04707   0.09124         0
   106/299    0.849G   0.05295   0.08576         0    0.1387        86       640     0.466    0.9478    0.9215    0.2975   0.04382   0.09978         0
   107/299    0.849G   0.05084   0.09764         0    0.1485       220       640     0.371    0.9957    0.8416    0.3891   0.04684   0.09249         0
   108/299    0.849G   0.05237    0.1014         0    0.1537       172       640     0.339    0.9217    0.8259    0.2273   0.04861   0.09853         0
   109/299    0.849G   0.05521   0.09239         0    0.1476        99       640    0.3285    0.9565    0.8391    0.3738   0.04495   0.08904         0
   110/299    0.849G   0.05062   0.08834         0     0.139       176       640    0.3457     0.987    0.8765    0.4434   0.03905   0.08487         0
   111/299    0.849G   0.04509   0.08067         0    0.1258       115       640    0.3457     0.987    0.8765    0.4434   0.03905   0.08487         0
   112/299    0.849G   0.05213   0.08835         0    0.1405       137       640    0.2752    0.9783    0.8245    0.3349   0.04874   0.08928         0
   113/299    0.849G   0.05397   0.09846         0    0.1524       169       640    0.2588    0.9652     0.839    0.3601   0.05134   0.09038         0
   114/299    0.849G    0.0531   0.08948         0    0.1426        92       640    0.2693    0.9652    0.8582    0.4322   0.04985    0.0891         0
   115/299    0.849G   0.04907   0.09103         0    0.1401       174       640    0.2837    0.9652    0.8712    0.4583   0.04563    0.0873         0
   116/299    0.849G   0.04336   0.07864         0     0.122       164       640    0.3226    0.9652    0.9102    0.5036   0.03963   0.08614         0
   117/299    0.849G   0.03881   0.08972         0    0.1285       131       640    0.3849    0.9783    0.9454    0.5357   0.03497   0.08491         0
   118/299    0.849G   0.03619   0.07777         0     0.114       178       640    0.4312    0.9957    0.9754    0.5812   0.03222   0.08321         0
   119/299    0.849G   0.03437   0.07539         0    0.1098       173       640    0.4769         1    0.9833    0.6105   0.03045   0.08096         0
   120/299    0.849G    0.0346   0.08245         0     0.117       197       640    0.4796         1    0.9719    0.5871   0.03344   0.08083         0
   121/299    0.849G    0.0403   0.07815         0    0.1185       136       640    0.5053    0.9957    0.9057      0.51   0.03952    0.0814         0
   122/299    0.849G   0.04605   0.08345         0    0.1295       154       640    0.3903     0.987    0.7618    0.4136   0.04185   0.08287         0
   123/299    0.849G   0.04835   0.08107         0    0.1294       182       640     0.669    0.9652    0.8798    0.3815   0.03796   0.08114         0
   124/299    0.849G    0.0446   0.08119         0    0.1258       124       640    0.4953    0.9957    0.8295    0.5134   0.04092    0.0812         0
   125/299    0.849G   0.04752   0.08027         0    0.1278        82       640    0.6125    0.9783    0.9569    0.5268   0.04186   0.08022         0
   126/299    0.849G   0.05031   0.07588         0    0.1262       128       640    0.3723    0.9565    0.8088    0.3932   0.04316   0.08225         0
   127/299    0.849G    0.0496   0.09224         0    0.1418       129       640    0.3723    0.9565    0.8088    0.3932   0.04316   0.08225         0
   128/299    0.849G   0.06129   0.08485         0    0.1461        76       640    0.2145    0.8174    0.6515    0.2475   0.05943   0.08611         0
   129/299    0.849G   0.06548   0.08604         0    0.1515       150       640    0.1937    0.8174    0.6467    0.2276     0.065   0.08472         0
   130/299    0.849G   0.06193   0.07835         0    0.1403       154       640    0.2134    0.8435    0.7087    0.2927    0.0623   0.08129         0
   131/299    0.849G   0.05232   0.08184         0    0.1342       193       640    0.2562     0.887    0.7961    0.4355   0.05137   0.08042         0
   132/299    0.849G   0.04391   0.08641         0    0.1303       147       640    0.3543    0.9304    0.8805    0.5794    0.0397   0.08188         0
   133/299    0.849G   0.03658   0.08203         0    0.1186       188       640    0.4703    0.9913    0.9498    0.5548   0.03025   0.08191         0
   134/299    0.849G   0.03275   0.08594         0    0.1187        99       640    0.6424     0.987    0.9732    0.5097   0.02786   0.08008         0
   135/299    0.849G   0.03088   0.08054         0    0.1114       131       640    0.6286    0.9913    0.9719    0.5958    0.0264   0.07606         0
   136/299    0.849G   0.02974   0.07537         0    0.1051       115       640    0.7131    0.9957    0.9937    0.6371   0.02652    0.0745         0
   137/299    0.849G   0.03124   0.07582         0    0.1071       217       640    0.7109    0.9957    0.9767    0.6421   0.02847   0.07416         0
   138/299    0.849G   0.03591   0.07401         0    0.1099       148       640    0.7711    0.9957      0.99    0.6229   0.03521   0.07571         0
   139/299    0.849G   0.03985   0.07759         0    0.1174       183       640    0.6988         1    0.9912    0.6462    0.0268   0.07202         0
   140/299    0.849G    0.0341   0.07306         0    0.1072       109       640    0.7381    0.9696    0.9081    0.5204   0.03245   0.07472         0
   141/299    0.849G   0.03774   0.07937         0    0.1171       120       640    0.7518    0.9913    0.9733    0.6216   0.03391   0.07701         0
   142/299    0.849G   0.04229   0.08232         0    0.1246       115       640    0.6939    0.9565    0.9483    0.4889   0.03673   0.08315         0
   143/299    0.849G     0.042   0.08339         0    0.1254       117       640    0.6939    0.9565    0.9483    0.4889   0.03673   0.08315         0
   144/299    0.849G   0.05148   0.09628         0    0.1478       111       640    0.4573    0.9087    0.8247    0.3117    0.0496    0.1005         0
   145/299    0.849G   0.05363   0.09712         0    0.1507       142       640    0.3709     0.887    0.7782    0.2769   0.05326     0.101         0
   146/299    0.849G   0.05143   0.08809         0    0.1395       165       640    0.3775    0.8957    0.8018    0.3586   0.05056   0.08789         0
   147/299    0.849G   0.04613   0.08385         0      0.13       167       640     0.473    0.9652    0.9266    0.5291   0.04313   0.07825         0
   148/299    0.849G   0.03701   0.07883         0    0.1158       178       640    0.6062    0.9913    0.9864     0.666   0.03298   0.07662         0
   149/299    0.849G   0.03134   0.07773         0    0.1091       135       640    0.7439         1    0.9937    0.6857   0.02664   0.07591         0
   150/299    0.849G   0.02869   0.07298         0    0.1017       157       640    0.7645         1    0.9905    0.6997   0.02395   0.07288         0
   151/299    0.849G     0.027    0.0762         0    0.1032       170       640    0.8354         1    0.9907    0.7006   0.02238   0.06969         0
   152/299    0.849G   0.02557    0.0666         0   0.09217       129       640    0.8744         1    0.9948    0.7134   0.02078   0.06733         0
   153/299    0.849G   0.02664   0.06982         0   0.09646       125       640    0.9041    0.9957    0.9956    0.7084   0.02379   0.06767         0
   154/299    0.849G   0.02872   0.06909         0   0.09781       133       640    0.8891    0.9957     0.994    0.6838   0.02716   0.07026         0
   155/299    0.849G   0.03484   0.07477         0    0.1096       141       640    0.8397    0.9957    0.9923    0.6503   0.03018   0.07003         0
   156/299    0.849G   0.03819   0.07961         0    0.1178       151       640    0.8376    0.9957    0.9853    0.6995   0.03244   0.07118         0
   157/299    0.849G   0.04056   0.08302         0    0.1236       170       640    0.8667    0.9783    0.9717    0.5388   0.03099   0.07802         0
   158/299    0.849G   0.03681   0.08298         0    0.1198       102       640    0.9089    0.9957    0.9947    0.6617   0.02824   0.07265         0
   159/299    0.849G   0.03763   0.07632         0    0.1139       114       640    0.9089    0.9957    0.9947    0.6617   0.02824   0.07265         0
   160/299    0.849G   0.04516   0.09179         0    0.1369       119       640    0.6835    0.9957    0.9142    0.4335   0.03895   0.08928         0
   161/299    0.849G   0.04653   0.09161         0    0.1381       138       640    0.5298    0.9913    0.8118     0.336    0.0423   0.09345         0
   162/299    0.849G   0.04459   0.08669         0    0.1313       182       640    0.5525     0.987    0.8472    0.3947   0.03937   0.08606         0
   163/299    0.849G    0.0373   0.08181         0    0.1191       121       640    0.6252    0.9913    0.9602    0.5963   0.03255   0.07485         0
   164/299    0.849G   0.03236   0.07924         0    0.1116       112       640     0.744    0.9913    0.9884    0.7011   0.02788   0.07107         0
   165/299    0.849G    0.0282   0.07605         0    0.1043       120       640    0.8436         1    0.9956    0.6638   0.02541     0.072         0
   166/299    0.849G   0.02677   0.07058         0   0.09734       175       640    0.8719         1    0.9951    0.6893   0.02242   0.07067         0
   167/299    0.849G   0.02417   0.06774         0   0.09191       169       640    0.8972         1    0.9956    0.7243    0.0197   0.06779         0
   168/299    0.849G   0.02217   0.06684         0   0.08901       187       640    0.8926    0.9913    0.9943    0.7238   0.01902   0.06601         0
   169/299    0.849G   0.02309   0.06121         0    0.0843       213       640    0.9264         1    0.9957    0.7325   0.01918   0.06435         0
   170/299    0.849G   0.02372   0.06898         0   0.09271       193       640    0.9062    0.9913    0.9945    0.7242   0.02112   0.06409         0
   171/299    0.849G   0.02641   0.06793         0   0.09433        92       640    0.9435         1    0.9959    0.7089   0.02543   0.06486         0
   172/299    0.849G   0.03046   0.07126         0    0.1017       114       640     0.949    0.9957    0.9954    0.6763   0.02422   0.06644         0
   173/299    0.849G   0.02995    0.0711         0     0.101       157       640    0.8836         1    0.9868    0.7168   0.02999   0.06638         0
   174/299    0.849G   0.03722   0.06856         0    0.1058       137       640    0.9476    0.9957    0.9935    0.6458   0.02853   0.06875         0
   175/299    0.849G   0.03594   0.07348         0    0.1094       137       640    0.9476    0.9957    0.9935    0.6458   0.02853   0.06875         0
   176/299    0.849G    0.0444   0.07714         0    0.1215       202       640    0.6047     0.987    0.8653    0.5022    0.0406   0.07585         0
   177/299    0.849G   0.04825    0.0794         0    0.1277       137       640    0.5046    0.9739    0.7944    0.4477   0.04441   0.07837         0
   178/299    0.849G   0.04593   0.07748         0    0.1234       154       640    0.5065    0.9783    0.7926    0.4606   0.04206    0.0781         0
   179/299    0.849G   0.04177   0.07827         0      0.12       165       640    0.5251    0.9696    0.8302    0.5404   0.03631   0.07544         0
   180/299    0.849G   0.03603   0.07315         0    0.1092       201       640    0.6057    0.9783    0.8965    0.6536   0.03023    0.0719         0
   181/299    0.849G   0.02974   0.07059         0    0.1003       149       640    0.6997    0.9957    0.9738    0.7188    0.0228   0.06837         0
   182/299    0.849G   0.02604   0.07641         0    0.1025       142       640    0.9264         1    0.9961     0.714    0.0214   0.06643         0
   183/299    0.849G   0.02493    0.0673         0   0.09223       154       640    0.9626         1    0.9959     0.751   0.01923   0.06268         0
   184/299    0.849G    0.0232   0.06484         0   0.08803       108       640    0.9669    0.9957     0.995    0.7494    0.0191   0.06201         0
   185/299    0.849G   0.02321   0.06393         0   0.08714       158       640    0.9553    0.9957     0.995    0.7531   0.01927   0.06186         0
   186/299    0.849G   0.02507   0.06566         0   0.09074       152       640    0.9603    0.9957    0.9959    0.7014   0.02265   0.06474         0
   187/299    0.849G   0.02825   0.06431         0   0.09256       108       640    0.9718    0.9957    0.9954    0.7454   0.02244   0.06211         0
   188/299    0.849G   0.02978   0.06106         0   0.09083       159       640    0.9803    0.9957    0.9959    0.7109   0.02466   0.06442         0
   189/299    0.849G   0.03142   0.06968         0    0.1011       137       640    0.9768    0.9957     0.996     0.732    0.0246    0.0622         0
   190/299    0.849G   0.03221   0.06467         0   0.09687       132       640    0.9753     0.987    0.9882    0.6619   0.02584   0.06507         0
   191/299    0.849G   0.03343   0.06919         0    0.1026       141       640    0.9753     0.987    0.9882    0.6619   0.02584   0.06507         0
   192/299    0.849G   0.04157   0.07015         0    0.1117       171       640    0.8715    0.9304    0.9459    0.5665   0.03793   0.07186         0
   193/299    0.849G   0.04457   0.07858         0    0.1231       185       640    0.7812    0.9087    0.9243    0.5272   0.04166   0.07353         0
   194/299    0.849G   0.04117   0.07564         0    0.1168       102       640    0.7779    0.9087    0.9251     0.551   0.03904   0.07168         0
   195/299    0.849G    0.0357   0.06432         0       0.1       160       640    0.8314    0.9435    0.9523    0.6274   0.03098   0.06777         0
   196/299    0.849G   0.02978   0.07067         0    0.1005       161       640    0.8816    0.9783     0.979     0.717   0.02351   0.06435         0
   197/299    0.849G    0.0245    0.0636         0    0.0881       142       640    0.9171    0.9957    0.9961     0.736   0.01949   0.06397         0
   198/299    0.849G   0.02392   0.06711         0   0.09103       147       640    0.9513         1    0.9962     0.713   0.01935   0.06319         0
   199/299    0.849G   0.02126   0.06264         0   0.08389       183       640    0.9424    0.9826     0.988    0.7534   0.01673   0.05946         0
   200/299    0.849G   0.02038   0.05837         0   0.07876       125       640    0.9678     0.987     0.988    0.7502   0.01667   0.05842         0
   201/299    0.849G   0.02021   0.06114         0   0.08135       206       640     0.983         1    0.9962    0.7647   0.01602   0.05724         0
   202/299    0.849G   0.02019   0.05755         0   0.07774       217       640    0.9867         1    0.9962    0.7672   0.01723   0.05739         0
   203/299    0.849G   0.02256    0.0615         0   0.08406        93       640    0.9863         1    0.9962    0.7823   0.01991   0.05771         0
   204/299    0.849G   0.02606   0.06577         0   0.09183       144       640    0.9834    0.9913    0.9959    0.7167   0.02422   0.06271         0
   205/299    0.849G   0.02959   0.06855         0   0.09814       153       640    0.9849         1    0.9963    0.7488   0.02094    0.0603         0
   206/299    0.849G   0.02795   0.06482         0   0.09277        95       640    0.9669     0.987    0.9879    0.7118   0.02699    0.0652         0
   207/299    0.849G    0.0334   0.06918         0    0.1026       202       640    0.9669     0.987    0.9879    0.7118   0.02699    0.0652         0
   208/299    0.849G    0.0395   0.07782         0    0.1173       104       640    0.9143    0.9783    0.9838    0.6211   0.03867   0.07926         0
   209/299    0.849G   0.04214   0.07716         0    0.1193       174       640    0.8328    0.9652    0.9698    0.5917   0.04275   0.08316         0
   210/299    0.849G   0.04077   0.07576         0    0.1165       179       640    0.8063    0.9739    0.9735    0.6451   0.04063    0.0758         0
   211/299    0.849G   0.03364   0.06223         0   0.09587        98       640    0.8295    0.9696    0.9672    0.7249   0.03292   0.06465         0
   212/299    0.849G   0.02798   0.05931         0   0.08729       111       640    0.9094     0.987    0.9853    0.7447   0.02428   0.06039         0
   213/299    0.849G   0.02482   0.06467         0   0.08949        97       640    0.9649    0.9957    0.9957    0.7374   0.02107   0.06191         0
   214/299    0.849G   0.02261   0.06556         0   0.08818        86       640    0.9757    0.9957    0.9959    0.7582   0.01882   0.05969         0
   215/299    0.849G   0.02098   0.06575         0   0.08674       254       640    0.9763    0.9957     0.996    0.7877   0.01626   0.05677         0
   216/299    0.849G   0.01969   0.05827         0   0.07797       124       640    0.9809    0.9957     0.996    0.7831   0.01601   0.05678         0
   217/299    0.849G   0.01867    0.0596         0   0.07827       144       640     0.978    0.9957     0.996    0.7836   0.01476   0.05515         0
   218/299    0.849G   0.01923   0.05997         0   0.07921       232       640    0.9779    0.9913    0.9958    0.7873   0.01561   0.05482         0
   219/299    0.849G   0.01985   0.06017         0   0.08001       126       640    0.9872    0.9957     0.996    0.7894   0.01668   0.05468         0
   220/299    0.849G   0.02202   0.06349         0   0.08551       179       640    0.9745    0.9913    0.9958    0.7848   0.01747   0.05504         0
   221/299    0.849G   0.02307    0.0619         0   0.08497       136       640    0.9918         1    0.9964    0.7805   0.01927   0.05613         0
   222/299    0.849G   0.02581   0.05947         0   0.08528        70       640    0.9747    0.9913    0.9959    0.7445   0.02092   0.05674         0
   223/299    0.849G   0.02721   0.06183         0   0.08904       165       640    0.9747    0.9913    0.9959    0.7445   0.02092   0.05674         0
   224/299    0.849G   0.03464   0.07435         0     0.109       140       640    0.9092     0.987    0.9855    0.6704   0.03036   0.06369         0
   225/299    0.849G   0.03653    0.0713         0    0.1078       159       640    0.8764    0.9826     0.981    0.6405   0.03368   0.06579         0
   226/299    0.849G   0.03434   0.06435         0    0.0987        96       640    0.9022    0.9783    0.9782    0.6698   0.03127   0.06345         0
   227/299    0.849G   0.02708   0.06263         0   0.08971       150       640      0.96    0.9913    0.9956    0.7485   0.02409   0.05794         0
   228/299    0.849G   0.02139   0.06503         0   0.08642       149       640    0.9835         1    0.9965    0.7885   0.01752   0.05512         0
   229/299    0.849G   0.02092   0.05869         0    0.0796        89       640     0.992         1    0.9965    0.8143   0.01666   0.05402         0
   230/299    0.849G   0.02067   0.06103         0    0.0817       117       640    0.9878         1    0.9965    0.8164   0.01581   0.05338         0
   231/299    0.849G   0.01852   0.06009         0   0.07861        94       640    0.9876         1    0.9965    0.8104   0.01499   0.05323         0
   232/299    0.849G   0.01828   0.05785         0   0.07613       197       640    0.9872         1    0.9965    0.8136   0.01432   0.05268         0
   233/299    0.849G   0.01812   0.05703         0   0.07516       109       640    0.9838         1    0.9965    0.8121   0.01427    0.0528         0
   234/299    0.849G   0.01848   0.05826         0   0.07673       211       640    0.9831         1    0.9965    0.8116   0.01376   0.05211         0
   235/299    0.849G   0.01836   0.05586         0   0.07422       136       640    0.9919         1    0.9965     0.805   0.01576   0.05281         0
   236/299    0.849G   0.02012   0.05854         0   0.07866       153       640    0.9959         1    0.9965    0.8078   0.01578   0.05266         0
   237/299    0.849G    0.0226   0.06158         0   0.08418        95       640    0.9924         1    0.9966    0.7743   0.01923   0.05609         0
   238/299    0.849G   0.02372   0.06141         0   0.08513       141       640    0.9961         1    0.9966    0.7947   0.01669   0.05366         0
   239/299    0.849G   0.02459   0.06119         0   0.08579       158       640    0.9961         1    0.9966    0.7947   0.01669   0.05366         0
   240/299    0.849G   0.02872   0.06515         0   0.09388       191       640    0.9804    0.9913    0.9954    0.7495   0.02444   0.06113         0
   241/299    0.849G   0.02984   0.06782         0   0.09766       163       640    0.9834    0.9913    0.9954      0.73   0.02666   0.06365         0
   242/299    0.849G   0.02677   0.06761         0   0.09438       165       640    0.9835    0.9913    0.9954     0.747   0.02334   0.06085         0
   243/299    0.849G    0.0214   0.05584         0   0.07724       195       640    0.9873    0.9913    0.9954    0.7946   0.01665   0.05418         0
   244/299    0.849G   0.01954   0.05479         0   0.07433       112       640    0.9961         1    0.9966    0.8049   0.01516   0.05182         0
   245/299    0.849G   0.01844   0.05675         0   0.07519       141       640    0.9961         1    0.9966    0.8026   0.01615   0.05233         0
   246/299    0.849G   0.01807    0.0558         0   0.07387       131       640    0.9917    0.9957    0.9962     0.802    0.0145   0.05119         0
   247/299    0.849G   0.01696    0.0598         0   0.07676       104       640    0.9917    0.9957    0.9962    0.8166    0.0131   0.05004         0
   248/299    0.849G   0.01668   0.05623         0   0.07291        98       640    0.9917    0.9957    0.9962    0.8069   0.01296   0.04987         0
   249/299    0.849G   0.01646    0.0558         0   0.07226       151       640    0.9916    0.9957    0.9962    0.8223   0.01285   0.04962         0
   250/299    0.849G   0.01641   0.05404         0   0.07045       142       640    0.9959         1    0.9966    0.8254   0.01298   0.04947         0
   251/299    0.849G   0.01793   0.05814         0   0.07608       183       640    0.9959         1    0.9966    0.8027    0.0152   0.05115         0
   252/299    0.849G   0.01922   0.05818         0    0.0774       184       640    0.9958         1    0.9966    0.8132   0.01493   0.05063         0
   253/299    0.849G   0.02105   0.05414         0   0.07519        97       640    0.9935         1    0.9967    0.7777   0.02003     0.055         0
   254/299    0.849G   0.02423   0.06441         0   0.08864       184       640    0.9881    0.9957     0.996    0.8057   0.01691   0.05291         0
   255/299    0.849G    0.0243   0.06444         0   0.08874       127       640    0.9881    0.9957     0.996    0.8057   0.01691   0.05291         0
   256/299    0.849G   0.03115   0.06368         0   0.09483       155       640    0.9775    0.9957     0.996    0.7495   0.02591   0.06103         0
   257/299    0.849G   0.03309   0.06517         0   0.09827       177       640    0.9783    0.9957     0.996    0.7269   0.02939   0.06398         0
   258/299    0.849G   0.02961   0.06445         0   0.09406       135       640    0.9825    0.9957     0.996     0.753   0.02668   0.06156         0
   259/299    0.849G   0.02393   0.06483         0   0.08876       152       640    0.9915    0.9957     0.996    0.8061   0.01809   0.05482         0
   260/299    0.849G   0.01972   0.05468         0    0.0744       167       640    0.9957         1    0.9967    0.8211   0.01472    0.0513         0
   261/299    0.849G    0.0186   0.05415         0   0.07275        99       640    0.9957         1    0.9967    0.8038   0.01569   0.05218         0
   262/299    0.849G   0.01789   0.05665         0   0.07454       138       640    0.9906         1    0.9967    0.8145   0.01393   0.05062         0
   263/299    0.849G   0.01708   0.05161         0   0.06869       188       640    0.9899         1    0.9966    0.8226   0.01276   0.04936         0
   264/299    0.849G   0.01645   0.05526         0    0.0717       162       640    0.9896         1    0.9966    0.8194   0.01278   0.04939         0
   265/299    0.849G    0.0164   0.05254         0   0.06894        64       640     0.989         1    0.9966    0.8208   0.01357   0.05045         0
   266/299    0.849G   0.01702   0.05785         0   0.07487       185       640     0.989         1    0.9966    0.8262   0.01217   0.04892         0
   267/299    0.849G   0.01661   0.05429         0    0.0709       155       640    0.9914         1    0.9966    0.8142   0.01395    0.0503         0
   268/299    0.849G   0.01698    0.0549         0   0.07187       210       640    0.9957         1    0.9966    0.8332   0.01299   0.04893         0
   269/299    0.849G    0.0184   0.05743         0   0.07583       175       640    0.9914         1    0.9966    0.8119   0.01521   0.05137         0
   270/299    0.849G   0.01876   0.05636         0   0.07512       104       640     0.992         1    0.9967      0.83   0.01391   0.04897         0
   271/299    0.849G   0.01968   0.05616         0   0.07584       163       640     0.992         1    0.9967      0.83   0.01391   0.04897         0
   272/299    0.849G   0.02196   0.05849         0   0.08045        97       640    0.9926         1    0.9966    0.8084   0.01831   0.05244         0
   273/299    0.849G   0.02283   0.05928         0   0.08212       138       640    0.9931         1    0.9966    0.7998    0.0193   0.05333         0
   274/299    0.849G   0.02225   0.05246         0   0.07471       101       640    0.9929         1    0.9967    0.8061   0.01734   0.05165         0
   275/299    0.849G   0.01828    0.0518         0   0.07008       151       640     0.996         1    0.9967    0.8263    0.0141   0.04897         0
   276/299    0.849G   0.01632   0.05362         0   0.06994       111       640    0.9912         1    0.9967    0.8268    0.0137   0.04897         0
   277/299    0.849G   0.01644   0.05497         0   0.07141       155       640    0.9956         1    0.9967    0.8133   0.01385   0.04919         0
   278/299    0.849G   0.01674    0.0546         0   0.07134       148       640    0.9916         1    0.9967    0.8149   0.01228   0.04782         0
   279/299    0.849G    0.0155   0.05153         0   0.06703       165       640    0.9913         1    0.9967     0.822   0.01214   0.04763         0
   280/299    0.849G   0.01592   0.05635         0   0.07227       120       640    0.9914         1    0.9967    0.8228   0.01211   0.04725         0
   281/299    0.849G   0.01498   0.05538         0   0.07036       170       640    0.9892         1    0.9967    0.8237   0.01207   0.04718         0
   282/299    0.849G   0.01572   0.05492         0   0.07064       206       640    0.9889         1    0.9967    0.8264   0.01203   0.04697         0
   283/299    0.849G   0.01506   0.04808         0   0.06314       133       640    0.9887         1    0.9967    0.8265    0.0122    0.0469         0
   284/299    0.849G   0.01628   0.05347         0   0.06975       177       640    0.9902         1    0.9967    0.8283    0.0147   0.04898         0
   285/299    0.849G   0.01883   0.05191         0   0.07074        75       640    0.9833         1    0.9967    0.8261   0.01404   0.04814         0
   286/299    0.849G   0.01933   0.05788         0    0.0772       209       640      0.99         1    0.9968    0.8037   0.01733   0.05179         0
   287/299    0.849G   0.02198   0.05861         0   0.08059       150       640      0.99         1    0.9968    0.8037   0.01733   0.05179         0
   288/299    0.849G     0.027   0.06291         0   0.08991       172       640    0.9917    0.9957    0.9962    0.7625   0.02412   0.05825         0
   289/299    0.849G   0.02805   0.06064         0   0.08869       114       640    0.9915    0.9957    0.9962    0.7443   0.02631   0.06043         0
   290/299    0.849G   0.02636   0.05686         0   0.08323        73       640     0.991    0.9957    0.9962    0.7635   0.02414   0.05813         0
   291/299    0.849G   0.02154   0.05472         0   0.07625       199       640    0.9927         1    0.9967    0.8085    0.0179   0.05226         0
   292/299    0.849G   0.01772   0.05238         0    0.0701        90       640    0.9882         1    0.9967    0.8186   0.01287   0.04815         0
   293/299    0.849G   0.01755   0.05408         0   0.07164       135       640    0.9919         1    0.9967    0.8166   0.01316   0.04844         0
   294/299    0.849G   0.01687   0.05622         0   0.07309       223       640     0.996         1    0.9967     0.824   0.01262   0.04773         0
   295/299    0.849G   0.01573   0.05654         0   0.07227       148       640     0.996         1    0.9968    0.8384   0.01208   0.04708         0
   296/299    0.849G   0.01496   0.05194         0   0.06691        93       640     0.996         1    0.9968    0.8392   0.01181   0.04666         0
   297/299    0.849G   0.01493   0.05345         0   0.06838       187       640     0.996         1    0.9968    0.8427   0.01174   0.04653         0
   298/299    0.849G   0.01533   0.05303         0   0.06835       158       640     0.996         1    0.9968    0.8313   0.01205   0.04737         0
   299/299    0.849G   0.01557   0.05713         0    0.0727       140       640    0.9923         1    0.9967    0.8386    0.0112   0.04625         0
